3441
982
924
159
832
4516
4907
2906
142
4428
84
3340
4335
4024
1675
547
2771
3014
1973
1672
4836
2660
3165
598
2664
4934
1913
1457
1900
148
386
2507
674
3085
1674
2590
984
4002
4510
1073
2312
3586
3172
732
381
3120
196
3760
4670
200
375
418
4186
4758
2386
1746
606
4075
2507
546
568
3639
1271
4811
1521
2686
1954
1722
3636
3238
929
902
4632
376
845
766
2349
117
3844
3902
803
2302
1026
4398
4846
4544
1356
852
4929
2939
1163
4486
128
3533
2976
3786
2174
2678
4970
3429
3218
2284
25
3752
3039
2533
4420
2281
4022
3405
3323
900
4632
2307
3900
2844
4875
2564
2939
1053
1816
4320
2207
4852
2944
3428
1090
4554
1778
4621
2707
3395
2483
3586
261
4279
4477
4996
2665
718
817
1845
2323
283
2506
3648
3948
375
4044
4899
3865
3248
1234
4270
4527
300
4444
3902
1176
2053
2322
3604
4155
2712
3931
113
1761
4205
2739
2328
714
4106
3512
3982
3750
4716
1902
1284
4053
3048
4700
4721
2213
2188
3973
3624
2839
2722
3378
2999
2993
2148
652
423
1716
3233
1787
2176
21
928
4028
4079
4001
1872
975
3649
4944
2890
4183
3042
4343
1348
4880
3195
4736
2301
4194
3193
2682
4783
2201
2957
3391
3085
4745
2487
1732
859
123
4345
500
2373
1372
4218
3194
1279
4971
4412
4211
4130
1443
94
1658
3284
1163
1721
1260
3687
4359
38
4818
393
2213
68
3795
2027
3697
183
2788
3226
2039
574
113
566
1206
1240
2691
3772
3597
2673
3137
2034
2022
4680
288
4339
60
135
3340
329
1787
2563
4179
1061
4371
619
128
726
3125
2427
1801
2509
3017
2019
63
4977
2275
3311
2472
4312
3289
2819
1694
3355
2477
3046
428
3843
3500
4652
3055
3446
4997
2825
1873
3468
3159
1200
3936
892
4459
2143
1040
3049
4614
1733
211
4561
4616
1528
726
4768
749
4043
4960
784
785
328
4020
4947
1950
373
48
3965
2511
2948
4158
4420
3365
1164
3659
1763
3546
4856
4044
1223
346
4964
3852
1576
1253
1094
2734
2320
4915
4245
3448
4052
4535
1447
1195
4925
1026
983
733
942
3939
2284
4510
2958
914
1379
4780
2103
3877
4303
3945
985
3438
3129
4240
1566
337
3774
4021
1432
2024
756
1023
3452
1192
3634
2483
1666
1413
4557
1060
3038
2347
1883
1986
1797
35
2454
1265
542
3566
1954
2455
2372
3425
645
779
1266
4394
2191
3285
1574
1496
1747
4697
18
3219
4023
3511
3228
4757
322
4606
2213
1968
1734
48
2240
925
2258
2390
2301
1982
772
2699
490
2618
1318
1176
668
1289
3156
2802
35
2604
127
4499
1449
551
541
417
3283
4522
2729
4869
186
1145
218
1460
4327
1519
3676
3770
1721
2815
2837
4902
4974
2903
542
1995
1523
2701
235
3043
350
4552
2757
2025
3664
4444
4625
865
433
1177
3369
227
2874
3207
383
3587
4205
2168
1558
1085
1667
3651
3427
2267
328
4763
2129
4693
4719
1959
4259
951
175
1578
4749
727
4144
3032
3972
2653
2005
3201
3161
1934
3171
4275
1820
3662
2172
380
3635
1340
3415
3416
2571
834
426
886
4649
3971
2873
4618
1580
2209
2252
3082
3540
4943
4523
2404
1659
2852
1529
1612
1006
115
2424
4517
3444
3058
1204
4228
2226
2558
639
1085
3783
4579
4050
4423
1116
1665
2710
1697
1714
4861
4428
2258
603
4846
25
2731
4615
3611
607
2325
64
3454
988
4672
3552
3617
43
2793
18
2402
1814
1840
3947
3676
3235
482
3597
3811
3016
2992
283
2721
4027
2701
259
1671
4975
3986
399
202
3567
1585
422
4027
4982
2756
2639
1082
297
4943
4789
4186
3244
3129
2653
193
3894
4701
3259
688
1649
4175
2724
1830
747
2211
2752
1003
1421
805
2039
2190
1083
4944
3501
2546
3139
4315
3958
3647
4238
2598
4056
366
2295
4769
3846
4523
3047
3059
1224
4982
3767
963
4954
4447
1198
2632
1072
4889
353
1854
4083
2882
4416
2290
1886
3712
1492
1219
3435
763
950
3673
4103
2843
871
3880
535
4326
2849
4026
262
2382
1434
1014
3633
3119
4308
1107
2971
1090
3933
4384
3242
4306
618
428
185
2104
1880
3942
1745
4288
3698
2838
2731
2450
1472
4039
3398
4799
661
1495
4419
870
2481
3903
2930
2656
4932
783
638
3109
3293
2646
4330
2355
128
2801
1910
2517
2262
2322
2638
4156
1881
3199
2407
1633
2556
4761
764
2806
1644
3996
1343
3269
695
508
2752
104
4883
2184
2108
2097
116
4324
13
438
4815
2461
931
3146
104
3775
2504
3894
1870
1188
2598
2882
3951
4484
3293
4250
923
1509
2845
2248
2300
1618
4624
1206
3679
176
1229
202
1010
2343
3129
899
2562
2559
2485
3153
2864
949
4984
1105
3272
2999
1507
4954
4211
1630
2494
899
1365
1332
3114
915
1620
981
679
4122
2276
2027
504
4455
1964
2165
1049
3775
4617
4446
3801
174
1499
3579
2858
1748
754
3042
510
4913
1083
4429
223
1754
2699
551
1757
2528
1517
4241
3180
989
3427
619
1481
570
3925
621
1148
4489
390
4291
712
4607
1455
1828
236
2494
1930
93
2952
3173
2063
4240
560
596
1117
3979
4250
4989
3198
1857
2867
4085
522
4497
1388
1168
3762
371
3427
611
3077
1242
1443
2837
4559
1088
590
3818
1913
4073
2157
2651
837
4240
3525
1614
3990
3348
1626
4052
1678
3669
4845
4108
4202
1703
3465
79
720
3182
924
3476
3025
1418
1246
1265
4927
3751
3402
2011
1298
2993
556
1112
662
1403
568
1635
4385
4654
1648
1257
638
91
1891
1550
1808
3004
3389
4562
3039
3228
2183
3008
1724
4499
1780
4952
162
4541
2490
2263
2393
3248
2493
4463
2445
3038
1235
4106
4937
4131
4141
2785
3094
